4.087452459290188272e-02 3.630889293716435540e-02 3.286830737009410752e-02 3.382167758160792292e-02 3.422752399138342949e-02 2.809560537724520649e-02 3.300191972712920863e-02 2.501988921409759384e-02 2.279167471652290139e-02 2.609973013632716290e-02
3.630889293716435540e-02 3.548786907339005620e-02 2.990804695203031285e-02 2.830750100865434687e-02 2.867135074440373826e-02 2.642927010813047456e-02 3.002235141376016422e-02 2.316426700524965715e-02 2.010527027931844832e-02 2.247395102925969779e-02
3.286830737009410752e-02 2.990804695203031285e-02 3.173017607196557816e-02 2.870322593045149945e-02 2.810510740025148890e-02 2.300875665305159717e-02 2.756556054995471655e-02 2.250985127726257834e-02 2.121887819665617056e-02 2.365889249231832928e-02
3.382167758160792292e-02 2.830750100865434687e-02 2.870322593045149945e-02 3.285563114019410258e-02 3.121266978998517641e-02 2.308462075196793251e-02 2.788389502491780969e-02 2.203627535989740802e-02 2.188458636072978733e-02 2.476908182934962205e-02
3.422752399138342949e-02 2.867135074440373826e-02 2.810510740025148890e-02 3.121266978998517641e-02 3.323494132043854771e-02 2.463587600880751821e-02 2.852101694886700206e-02 2.328042367987211841e-02 2.308167736070790982e-02 2.576519414747168585e-02
2.809560537724520649e-02 2.642927010813047456e-02 2.300875665305159717e-02 2.308462075196793251e-02 2.463587600880751821e-02 2.356163794577150958e-02 2.385205758254578534e-02 1.935496707159090057e-02 1.834417230938027721e-02 1.979222504115265430e-02
3.300191972712920863e-02 3.002235141376016422e-02 2.756556054995471655e-02 2.788389502491780969e-02 2.852101694886700206e-02 2.385205758254578534e-02 2.873707343835913558e-02 2.212929276798631176e-02 2.051240658578280807e-02 2.301343215528761643e-02
2.501988921409759384e-02 2.316426700524965715e-02 2.250985127726257834e-02 2.203627535989740802e-02 2.328042367987211841e-02 1.935496707159090057e-02 2.212929276798631176e-02 2.023299591951278203e-02 2.040160044953351695e-02 2.042871080739329381e-02
2.279167471652290139e-02 2.010527027931844832e-02 2.121887819665617056e-02 2.188458636072978733e-02 2.308167736070790982e-02 1.834417230938027721e-02 2.051240658578280807e-02 2.040160044953351695e-02 2.480529741786694289e-02 2.197884204119718646e-02
2.609973013632716290e-02 2.247395102925969779e-02 2.365889249231832928e-02 2.476908182934962205e-02 2.576519414747168585e-02 1.979222504115265430e-02 2.301343215528761643e-02 2.042871080739329381e-02 2.197884204119718646e-02 2.290775574235751066e-02
